              precision    recall  f1-score   support

           0       1.00      0.76      0.86       111
           1       0.99      0.60      0.75       111
           2       0.81      0.84      0.82       111
           3       0.65      0.85      0.73       111
           4       0.93      0.95      0.94       111
           5       0.62      0.92      0.74       111
           6       0.72      0.49      0.58       111
           7       0.64      0.78      0.70       111
           8       0.38      0.33      0.35       111

    accuracy                           0.72       999
   macro avg       0.75      0.72      0.72       999
weighted avg       0.75      0.72      0.72       999
