              precision    recall  f1-score   support

           0       0.78      0.78      0.78       111
           1       0.94      0.86      0.90       111
           2       0.57      0.91      0.70       111
           3       0.92      0.74      0.82       111
           4       0.94      0.67      0.78       111
           5       0.52      0.68      0.59       111
           6       0.92      0.87      0.89       111
           7       0.80      0.80      0.80       111
           8       0.78      0.58      0.66       111

    accuracy                           0.77       999
   macro avg       0.80      0.77      0.77       999
weighted avg       0.80      0.77      0.77       999
