              precision    recall  f1-score   support

           0       0.73      0.92      0.82       111
           1       0.85      1.00      0.92       111
           2       0.98      0.95      0.96       111
           3       0.86      0.92      0.89       111
           4       0.80      0.91      0.85       111
           5       0.88      0.83      0.85       111
           6       0.89      0.99      0.94       111
           7       0.86      0.86      0.86       111
           8       1.00      0.35      0.52       111

    accuracy                           0.86       999
   macro avg       0.87      0.86      0.85       999
weighted avg       0.87      0.86      0.85       999
