              precision    recall  f1-score   support

           0       0.98      0.92      0.95       111
           1       0.76      1.00      0.86       111
           2       1.00      1.00      1.00       111
           3       0.95      0.80      0.87       111
           4       1.00      0.92      0.96       111
           5       1.00      0.86      0.93       111
           6       0.83      0.68      0.75       111
           7       0.95      0.83      0.88       111
           8       0.67      0.95      0.79       111

    accuracy                           0.88       999
   macro avg       0.90      0.88      0.89       999
weighted avg       0.90      0.88      0.89       999
