              precision    recall  f1-score   support

           0       0.89      0.92      0.91       111
           1       0.97      1.00      0.98       111
           2       1.00      1.00      1.00       111
           3       0.92      0.86      0.89       111
           4       1.00      1.00      1.00       111
           5       0.94      0.89      0.92       111
           6       0.91      0.84      0.87       111
           7       0.95      0.83      0.88       111
           8       0.76      0.95      0.84       111

    accuracy                           0.92       999
   macro avg       0.93      0.92      0.92       999
weighted avg       0.93      0.92      0.92       999
