              precision    recall  f1-score   support

           0       0.94      0.92      0.93       111
           1       1.00      0.97      0.99       111
           2       1.00      1.00      1.00       111
           3       0.95      0.95      0.95       111
           4       0.97      1.00      0.99       111
           5       0.97      0.91      0.94       111
           6       0.92      0.96      0.94       111
           7       0.87      0.79      0.83       111
           8       0.84      0.95      0.89       111

    accuracy                           0.94       999
   macro avg       0.94      0.94      0.94       999
weighted avg       0.94      0.94      0.94       999
