              precision    recall  f1-score   support

           0       0.98      0.92      0.95       111
           1       0.76      1.00      0.86       111
           2       0.97      0.97      0.97       111
           3       1.00      0.85      0.92       111
           4       1.00      0.91      0.95       111
           5       0.82      0.86      0.84       111
           6       0.88      0.68      0.77       111
           7       0.75      0.69      0.72       111
           8       0.62      0.77      0.68       111

    accuracy                           0.85       999
   macro avg       0.86      0.85      0.85       999
weighted avg       0.86      0.85      0.85       999
