              precision    recall  f1-score   support

           0       0.96      0.92      0.94       111
           1       0.77      1.00      0.87       111
           2       1.00      0.88      0.94       111
           3       1.00      0.86      0.92       111
           4       0.77      0.74      0.76       111
           5       0.68      0.90      0.77       111
           6       0.81      0.96      0.88       111
           7       0.74      0.86      0.80       111
           8       1.00      0.37      0.54       111

    accuracy                           0.83       999
   macro avg       0.86      0.83      0.82       999
weighted avg       0.86      0.83      0.82       999
