              precision    recall  f1-score   support

           0       0.83      0.95      0.89       111
           1       0.85      1.00      0.92       111
           2       1.00      0.90      0.95       111
           3       0.93      0.90      0.91       111
           4       0.75      0.73      0.74       111
           5       0.77      0.81      0.79       111
           6       0.84      0.98      0.91       111
           7       0.96      0.96      0.96       111
           8       1.00      0.63      0.77       111

    accuracy                           0.87       999
   macro avg       0.88      0.87      0.87       999
weighted avg       0.88      0.87      0.87       999
