              precision    recall  f1-score   support

           0       0.86      0.95      0.90       111
           1       0.77      1.00      0.87       111
           2       1.00      0.95      0.97       111
           3       0.88      0.94      0.91       111
           4       0.80      0.77      0.79       111
           5       0.80      0.83      0.81       111
           6       0.92      1.00      0.96       111
           7       0.85      0.91      0.88       111
           8       1.00      0.41      0.59       111

    accuracy                           0.86       999
   macro avg       0.87      0.86      0.85       999
weighted avg       0.87      0.86      0.85       999
