              precision    recall  f1-score   support

           0       1.00      0.82      0.90       111
           1       1.00      0.99      1.00       111
           2       1.00      1.00      1.00       111
           3       1.00      0.79      0.88       111
           4       0.95      0.97      0.96       111
           5       0.70      0.90      0.79       111
           6       0.79      0.77      0.78       111
           7       0.78      0.68      0.72       111
           8       0.55      0.68      0.61       111

    accuracy                           0.84       999
   macro avg       0.86      0.84      0.85       999
weighted avg       0.86      0.84      0.85       999
